0.0,0.0,1.0,0.0,1.0,0.0,-1.0,0.0,0.0,0.0,0.0,0.5,0.0
-5.06078222100295e-06,0.0,0.9999999999871942,0.0,1.0,0.0,-0.9999999999871942,0.0,-5.06078222100295e-06,6.443588051101108e-06,0.0,0.49999855019268846,0.0
-2.0223321515905526e-05,0.0,0.9999999997955087,0.0,1.0,0.0,-0.9999999997955087,0.0,-2.0223321515905526e-05,2.5749132681699534e-05,0.0,0.4999942064451466,0.0
-4.5457906822901284e-05,0.0,0.9999999989667894,0.0,1.0,0.0,-0.9999999989667894,0.0,-4.5457906822901284e-05,5.787880460773796e-05,0.0,0.49998697726896324,0.0
-8.073482704691616e-05,0.0,0.9999999967409439,0.0,1.0,0.0,-0.9999999967409439,0.0,-8.073482704691616e-05,0.00010279477454515896,0.0,0.49997687117572737,0.0
-0.00012602437102166966,0.0,0.999999992058929,0.0,1.0,0.0,-0.999999992058929,0.0,-0.00012602437102166966,0.00016045921320990527,0.0,0.49996389667702773,0.0
-0.00018129682745708525,0.0,0.99999998356573,0.0,1.0,0.0,-0.99999998356573,0.0,-0.00018129682745708525,0.00023083429131791962,0.0,0.4999480622844535,0.0
-0.0002465224848723614,0.0,0.9999999696133318,0.0,1.0,0.0,-0.9999999696133318,0.0,-0.0002465224848723614,0.0003138821795851444,0.0,0.49992937650959335,0.0
-0.00032167163151501356,0.0,0.9999999482636794,0.0,1.0,0.0,-0.9999999482636794,0.0,-0.00032167163151501356,0.0004095650487275225,0.0,0.49990784786403636,0.0
-0.0004067145552661913,0.0,0.9999999172916318,0.0,1.0,0.0,-0.9999999172916318,0.0,-0.0004067145552661913,0.0005178450694609966,0.0,0.4998834848593713,0.0
-0.0005016215435325766,0.0,0.9999998741879056,0.0,1.0,0.0,-0.9999998741879056,0.0,-0.0005016215435325766,0.000638684412501509,0.0,0.4998562960071872,0.0
-0.0006063628831251657,0.0,0.9999998161620101,0.0,1.0,0.0,-0.9999998161620101,0.0,-0.0006063628831251657,0.0007720452485650028,0.0,0.4998262898190729,0.0
-0.0007209088601252295,0.0,0.9999997401451739,0.0,1.0,0.0,-0.9999997401451739,0.0,-0.0007209088601252295,0.0009178897483674207,0.0,0.49979347480661734,0.0
-0.0008452297597377546,0.0,0.9999996427932628,0.0,1.0,0.0,-0.9999996427932628,0.0,-0.0008452297597377546,0.0010761800826247048,0.0,0.49975785948140944,0.0
-0.0009792958661326572,0.0,0.9999995204896883,0.0,1.0,0.0,-0.9999995204896883,0.0,-0.0009792958661326572,0.001246878422052798,0.0,0.4997194523550381,0.0
-0.0011230774622740594,0.0,0.999999369348308,0.0,1.0,0.0,-0.999999369348308,0.0,-0.0011230774622740594,0.0014299469373676434,0.0,0.49967826193909226,0.0
-0.001276544829737921,0.0,0.9999991852163169,0.0,1.0,0.0,-0.9999991852163169,0.0,-0.001276544829737921,0.0016253477992851828,0.0,0.49963429674516086,0.0
-0.0014396682485183132,0.0,0.9999989636771301,0.0,1.0,0.0,-0.9999989636771301,0.0,-0.0014396682485183132,0.0018330431785213595,0.0,0.49958756528483267,0.0
-0.0016124179968226163,0.0,0.9999987000532569,0.0,1.0,0.0,-0.9999987000532569,0.0,-0.0016124179968226163,0.0020529952457921164,0.0,0.49953807606969675,0.0
-0.0017947643508559265,0.0,0.9999983894091654,0.0,1.0,0.0,-0.9999983894091654,0.0,-0.0017947643508559265,0.0022851661718133955,0.0,0.49948583761134197,0.0
-0.001986677584594951,0.0,0.9999980265541402,0.0,1.0,0.0,-0.9999980265541402,0.0,-0.001986677584594951,0.0025295181273011394,0.0,0.4994308584213572,0.0
-0.0021881279695516722,0.0,0.9999976060451289,0.0,1.0,0.0,-0.9999976060451289,0.0,-0.0021881279695516722,0.002786013282971292,0.0,0.49937314701133145,0.0
-0.0023990857745270423,0.0,0.9999971221895824,0.0,1.0,0.0,-0.9999971221895824,0.0,-0.0023990857745270423,0.0030546138095397936,0.0,0.4993127118928536,0.0
-0.002619521265355009,0.0,0.9999965690482845,0.0,1.0,0.0,-0.9999965690482845,0.0,-0.002619521265355009,0.003335281877722589,0.0,0.49924956157751244,0.0
-0.0028494047046371098,0.0,0.9999959404381745,0.0,1.0,0.0,-0.9999959404381745,0.0,-0.0028494047046371098,0.0036279796582356213,0.0,0.499183704576897,0.0
-0.0030887063514679217,0.0,0.9999952299351604,0.0,1.0,0.0,-0.9999952299351604,0.0,-0.0030887063514679217,0.00393266932179483,0.0,0.49911514940259616,0.0
-0.003337396461151644,0.0,0.999994430876923,0.0,1.0,0.0,-0.999994430876923,0.0,-0.003337396461151644,0.004249313039116161,0.0,0.4990439045661989,0.0
-0.003595445284910042,0.0,0.9999935363657123,0.0,1.0,0.0,-0.9999935363657123,0.0,-0.003595445284910042,0.004577872980915555,0.0,0.498969978579294,0.0
-0.00386282306958205,0.0,0.9999925392711353,0.0,1.0,0.0,-0.9999925392711353,0.0,-0.00386282306958205,0.004918311317908956,0.0,0.4988933799534705,0.0
-0.004139500057315267,0.0,0.9999914322329344,0.0,1.0,0.0,-0.9999914322329344,0.0,-0.004139500057315267,0.005270590220812306,0.0,0.4988141172003172,0.0
-0.004425446485249619,0.0,0.9999902076637581,0.0,1.0,0.0,-0.9999902076637581,0.0,-0.004425446485249619,0.005634671860341548,0.0,0.49873219883142317,0.0
-0.004720632585193425,0.0,0.9999888577519229,0.0,1.0,0.0,-0.9999888577519229,0.0,-0.004720632585193425,0.006010518407212622,0.0,0.49864763335837714,0.0
-0.005025028583292145,0.0,0.9999873744641665,0.0,1.0,0.0,-0.9999873744641665,0.0,-0.005025028583292145,0.006398092032141475,0.0,0.49856042929276817,0.0
-0.005338604699690021,0.0,0.9999857495483926,0.0,1.0,0.0,-0.9999857495483926,0.0,-0.005338604699690021,0.006797354905844046,0.0,0.4984705951461851,0.0
-0.005661331148184899,0.0,0.9999839745364075,0.0,1.0,0.0,-0.9999839745364075,0.0,-0.005661331148184899,0.00720826919903628,0.0,0.49837813943021686,0.0
-0.005993178135876453,0.0,0.9999820407466484,0.0,1.0,0.0,-0.9999820407466484,0.0,-0.005993178135876453,0.00763079708243412,0.0,0.49828307065645233,0.0
-0.006334115862808056,0.0,0.9999799392869022,0.0,1.0,0.0,-0.9999799392869022,0.0,-0.006334115862808056,0.008064900726753508,0.0,0.4981853973364805,0.0
-0.00668411452160255,0.0,0.9999776610570169,0.0,1.0,0.0,-0.9999776610570169,0.0,-0.00668411452160255,0.008510542302710386,0.0,0.49808512798189014,0.0
-0.007043144297092143,0.0,0.9999751967516046,0.0,1.0,0.0,-0.9999751967516046,0.0,-0.007043144297092143,0.008967683981020696,0.0,0.49798227110427035,0.0
-0.007411175365942673,0.0,0.9999725368627357,0.0,1.0,0.0,-0.9999725368627357,0.0,-0.007411175365942673,0.009436287932400379,0.0,0.4978768352152099,0.0
-0.007788177896272481,0.0,0.9999696716826246,0.0,1.0,0.0,-0.9999696716826246,0.0,-0.007788177896272481,0.009916316327565384,0.0,0.4977688288262978,0.0
-0.008174122047266098,0.0,0.9999665913063078,0.0,1.0,0.0,-0.9999665913063078,0.0,-0.008174122047266098,0.010407731337231649,0.0,0.4976582604491229,0.0
-0.00856897796878302,0.0,0.9999632856343129,0.0,1.0,0.0,-0.9999632856343129,0.0,-0.00856897796878302,0.01091049513211512,0.0,0.49754513859527405,0.0
-0.008972715800961746,0.0,0.99995974437532,0.0,1.0,0.0,-0.99995974437532,0.0,-0.008972715800961746,0.011424569882931734,0.0,0.4974294717763404,0.0
-0.009385305673819368,0.0,0.9999559570488137,0.0,1.0,0.0,-0.9999559570488137,0.0,-0.009385305673819368,0.011949917760397435,0.0,0.49731126850391055,0.0
-0.009806717706846869,0.0,0.9999519129877288,0.0,1.0,0.0,-0.9999519129877288,0.0,-0.009806717706846869,0.01248650093522817,0.0,0.49719053728957363,0.0
-0.010236922008600387,0.0,0.9999476013410852,0.0,1.0,0.0,-0.9999476013410852,0.0,-0.010236922008600387,0.013034281578139876,0.0,0.4970672866449185,0.0
-0.010675888676288676,0.0,0.9999430110766171,0.0,1.0,0.0,-0.9999430110766171,0.0,-0.010675888676288676,0.013593221859848504,0.0,0.4969415250815341,0.0
-0.011123587795356946,0.0,0.9999381309833919,0.0,1.0,0.0,-0.9999381309833919,0.0,-0.011123587795356946,0.014163283951069994,0.0,0.4968132611110092,0.0
-0.011579989439067307,0.0,0.9999329496744225,0.0,1.0,0.0,-0.9999329496744225,0.0,-0.011579989439067307,0.01474443002252028,0.0,0.49668250324493296,0.0
-0.012045063668076077,0.0,0.9999274555892702,0.0,1.0,0.0,-0.9999274555892702,0.0,-0.012045063668076077,0.015336622244915311,0.0,0.4965492599948941,0.0
-0.012518780530008074,0.0,0.9999216369966406,0.0,1.0,0.0,-0.9999216369966406,0.0,-0.012518780530008074,0.01593982278897103,0.0,0.49641353987248155,0.0
-0.013001110059028178,0.0,0.9999154819969701,0.0,1.0,0.0,-0.9999154819969701,0.0,-0.013001110059028178,0.01655399382540338,0.0,0.49627535138928425,0.0
-0.013492022275410336,0.0,0.9999089785250055,0.0,1.0,0.0,-0.9999089785250055,0.0,-0.013492022275410336,0.017179097524928296,0.0,0.4961347030568911,0.0
-0.013991487185104238,0.0,0.9999021143523745,0.0,1.0,0.0,-0.9999021143523745,0.0,-0.013991487185104238,0.017815096058261735,0.0,0.49599160338689113,0.0
-0.014499474779299791,0.0,0.9998948770901491,0.0,1.0,0.0,-0.9998948770901491,0.0,-0.014499474779299791,0.018461951596119634,0.0,0.4958460608908731,0.0
-0.015015955033989715,0.0,0.9998872541913999,0.0,1.0,0.0,-0.9998872541913999,0.0,-0.015015955033989715,0.01911962630921793,0.0,0.495698084080426,0.0
-0.015540897909530362,0.0,0.999879232953743,0.0,1.0,0.0,-0.999879232953743,0.0,-0.015540897909530362,0.019788082368272567,0.0,0.4955476814671387,0.0
-0.016074273350200983,0.0,0.9998708005218789,0.0,1.0,0.0,-0.9998708005218789,0.0,-0.016074273350200983,0.020467281943999497,0.0,0.4953948615626001,0.0
-0.01661605128376162,0.0,0.999861943890123,0.0,1.0,0.0,-0.999861943890123,0.0,-0.01661605128376162,0.021157187207114653,0.0,0.49523963287839917,0.0
-0.01716620162100989,0.0,0.9998526499049282,0.0,1.0,0.0,-0.9998526499049282,0.0,-0.01716620162100989,0.02185776032833398,0.0,0.49508200392612484,0.0
-0.017724694255336702,0.0,0.9998429052673999,0.0,1.0,0.0,-0.9998429052673999,0.0,-0.017724694255336702,0.022568963478373418,0.0,0.49492198321736597,0.0
-0.018291499062281287,0.0,0.9998326965358028,0.0,1.0,0.0,-0.9998326965358028,0.0,-0.018291499062281287,0.023290758827948913,0.0,0.4947595792637115,0.0
-0.018866585899085547,0.0,0.9998220101280589,0.0,1.0,0.0,-0.9998220101280589,0.0,-0.018866585899085547,0.024023108547776405,0.0,0.49459480057675026,0.0
-0.019449924604248027,0.0,0.9998108323242397,0.0,1.0,0.0,-0.9998108323242397,0.0,-0.019449924604248027,0.02476597480857184,0.0,0.49442765566807134,0.0
-0.020041484997077613,0.0,0.9997991492690479,0.0,1.0,0.0,-0.9997991492690479,0.0,-0.020041484997077613,0.025519319781051163,0.0,0.4942581530492635,0.0
-0.02064123687724722,0.0,0.9997869469742928,0.0,1.0,0.0,-0.9997869469742928,0.0,-0.02064123687724722,0.026283105635930313,0.0,0.4940863012319157,0.0
-0.021249150024347557,0.0,0.9997742113213577,0.0,1.0,0.0,-0.9997742113213577,0.0,-0.021249150024347557,0.027057294543925234,0.0,0.4939121087276168,0.0
-0.0218651941974412,0.0,0.9997609280636587,0.0,1.0,0.0,-0.9997609280636587,0.0,-0.0218651941974412,0.027841848675751863,0.0,0.4937355840479558,0.0
-0.022489339134617148,0.0,0.9997470828290964,0.0,1.0,0.0,-0.9997470828290964,0.0,-0.022489339134617148,0.028636730202126145,0.0,0.49355673570452163,0.0
-0.023121554552546032,0.0,0.9997326611224991,0.0,1.0,0.0,-0.9997326611224991,0.0,-0.023121554552546032,0.029441901293764037,0.0,0.4933755722089031,0.0
-0.02376181014603603,0.0,0.9997176483280585,0.0,1.0,0.0,-0.9997176483280585,0.0,-0.02376181014603603,0.030257324121381463,0.0,0.49319210207268915,0.0
-0.024410075587589928,0.0,0.9997020297117577,0.0,1.0,0.0,-0.9997020297117577,0.0,-0.024410075587589928,0.031082960855694373,0.0,0.4930063338074688,0.0
-0.025066320526963188,0.0,0.9996857904237909,0.0,1.0,0.0,-0.9996857904237909,0.0,-0.025066320526963188,0.0319187736674187,0.0,0.4928182759248308,0.0
-0.025730514590723404,0.0,0.9996689155009756,0.0,1.0,0.0,-0.9996689155009756,0.0,-0.025730514590723404,0.032764724727270406,0.0,0.49262793693636414,0.0
-0.026402627381811143,0.0,0.9996513898691569,0.0,1.0,0.0,-0.9996513898691569,0.0,-0.026402627381811143,0.033620776205965416,0.0,0.4924353253536578,0.0
-0.02708262847910252,0.0,0.9996331983456046,0.0,1.0,0.0,-0.9996331983456046,0.0,-0.02708262847910252,0.03448689027421969,0.0,0.49224044968830055,0.0
-0.02777048743697348,0.0,0.999614325641401,0.0,1.0,0.0,-0.999614325641401,0.0,-0.02777048743697348,0.035363029102749154,0.0,0.49204331845188143,0.0
-0.02846617378486605,0.0,0.9995947563638226,0.0,1.0,0.0,-0.9995947563638226,0.0,-0.02846617378486605,0.03624915486226975,0.0,0.4918439401559893,0.0
-0.029169657026856723,0.0,0.9995744750187129,0.0,1.0,0.0,-0.9995744750187129,0.0,-0.029169657026856723,0.03714522972349744,0.0,0.4916423233122131,0.0
-0.029880906641226983,0.0,0.9995534660128483,0.0,1.0,0.0,-0.9995534660128483,0.0,-0.029880906641226983,0.038051215857148143,0.0,0.49143847643214167,0.0
-0.0305998920800364,0.0,0.9995317136562952,0.0,1.0,0.0,-0.9995317136562952,0.0,-0.0305998920800364,0.03896707543393782,0.0,0.49123240802736395,0.0
-0.031326582768698104,0.0,0.9995092021647605,0.0,1.0,0.0,-0.9995092021647605,0.0,-0.031326582768698104,0.039892770624582415,0.0,0.491024126609469,0.0
-0.03206094810555705,0.0,0.999485915661933,0.0,1.0,0.0,-0.999485915661933,0.0,-0.03206094810555705,0.04082826359979785,0.0,0.49081364069004546,0.0
-0.03280295746147113,0.0,0.9994618381818192,0.0,1.0,0.0,-0.9994618381818192,0.0,-0.03280295746147113,0.04177351653030009,0.0,0.49060095878068244,0.0
-0.03355258017939521,0.0,0.9994369536710683,0.0,1.0,0.0,-0.9994369536710683,0.0,-0.03355258017939521,0.04272849158680506,0.0,0.4903860893929689,0.0
-0.0343097855739683,0.0,0.9994112459912928,0.0,1.0,0.0,-0.9994112459912928,0.0,-0.0343097855739683,0.04369315094002871,0.0,0.49016904103849357,0.0
-0.03507454293110408,0.0,0.9993846989213784,0.0,1.0,0.0,-0.9993846989213784,0.0,-0.03507454293110408,0.04466745676068699,0.0,0.4899498222288454,0.0
-0.03584682150758468,0.0,0.9993572961597885,0.0,1.0,0.0,-0.9993572961597885,0.0,-0.03584682150758468,0.04565137121949582,0.0,0.48972844147561345,0.0
-0.036626590530658115,0.0,0.9993290213268599,0.0,1.0,0.0,-0.9993290213268599,0.0,-0.036626590530658115,0.04664485648717117,0.0,0.4895049072903865,0.0
-0.03741381919763931,0.0,0.9992998579670901,0.0,1.0,0.0,-0.9992998579670901,0.0,-0.03741381919763931,0.04764787473442897,0.0,0.48927922818475345,0.0
-0.03820847667551499,0.0,0.9992697895514187,0.0,1.0,0.0,-0.9992697895514187,0.0,-0.03820847667551499,0.04866038813198516,0.0,0.48905141267030333,0.0
-0.039010532100552456,0.0,0.9992387994794997,0.0,1.0,0.0,-0.9992387994794997,0.0,-0.039010532100552456,0.049682358850555684,0.0,0.48882146925862496,0.0
-0.039819954577912445,0.0,0.9992068710819662,0.0,1.0,0.0,-0.9992068710819662,0.0,-0.039819954577912445,0.050713749060856496,0.0,0.48858940646130733,0.0
-0.04063671318126614,0.0,0.999173987622688,0.0,1.0,0.0,-0.999173987622688,0.0,-0.04063671318126614,0.051754520933603526,0.0,0.4883552327899392,0.0
-0.04146077695241654,0.0,0.9991401323010211,0.0,1.0,0.0,-0.9991401323010211,0.0,-0.04146077695241654,0.052804636639512716,0.0,0.4881189567561096,0.0
-0.042292114900924244,0.0,0.9991052882540493,0.0,1.0,0.0,-0.9991052882540493,0.0,-0.042292114900924244,0.05386405834930004,0.0,0.48788058687140745,0.0
-0.043130696003737715,0.0,0.9990694385588187,0.0,1.0,0.0,-0.9990694385588187,0.0,-0.043130696003737715,0.05493274823368138,0.0,0.48764013164742165,0.0
-0.04397648920482841,0.0,0.9990325662345636,0.0,1.0,0.0,-0.9990325662345636,0.0,-0.04397648920482841,0.05601066846337273,0.0,0.48739759959574114,0.0
-0.04482946341483045,0.0,0.9989946542449256,0.0,1.0,0.0,-0.9989946542449256,0.0,-0.04482946341483045,0.05709778120908999,0.0,0.48715299922795474,0.0
-0.04568958751068538,0.0,0.9989556855001644,0.0,1.0,0.0,-0.9989556855001644,0.0,-0.04568958751068538,0.05819404864154915,0.0,0.4869063390556514,0.0
-0.04655683033529187,0.0,0.9989156428593612,0.0,1.0,0.0,-0.9989156428593612,0.0,-0.04655683033529187,0.05929943293146614,0.0,0.48665762759042014,0.0
-0.04743116069716054,0.0,0.9988745091326138,0.0,1.0,0.0,-0.9988745091326138,0.0,-0.04743116069716054,0.06041389624955686,0.0,0.4864068733438497,0.0
-0.04831254737007412,0.0,0.9988322670832247,0.0,1.0,0.0,-0.9988322670832247,0.0,-0.04831254737007412,0.06153740076653731,0.0,0.4861540848275291,0.0
-0.049200959092752794,0.0,0.9987888994298811,0.0,1.0,0.0,-0.9987888994298811,0.0,-0.049200959092752794,0.0626699086531234,0.0,0.48589927055304727,0.0
-0.05009636456852517,0.0,0.9987443888488272,0.0,1.0,0.0,-0.9987443888488272,0.0,-0.05009636456852517,0.06381138208003108,0.0,0.485642439031993,0.0
-0.05099873246500468,0.0,0.9986987179760285,0.0,1.0,0.0,-0.9986987179760285,0.0,-0.05099873246500468,0.06496178321797628,0.0,0.4853835987759553,0.0
-0.05190803141377176,0.0,0.9986518694093287,0.0,1.0,0.0,-0.9986518694093287,0.0,-0.05190803141377176,0.06612107423767498,0.0,0.4851227582965231,0.0
-0.05282423001006166,0.0,0.9986038257105989,0.0,1.0,0.0,-0.9986038257105989,0.0,-0.05282423001006166,0.0672892173098431,0.0,0.48485992610528533,0.0
-0.05374729681245822,0.0,0.9985545694078785,0.0,1.0,0.0,-0.9985545694078785,0.0,-0.05374729681245822,0.06846617460519655,0.0,0.48459511071383077,0.0
-0.05467720034259367,0.0,0.9985040829975088,0.0,1.0,0.0,-0.9985040829975088,0.0,-0.05467720034259367,0.06965190829445134,0.0,0.4843283206337484,0.0
-0.05561390908485426,0.0,0.9984523489462587,0.0,1.0,0.0,-0.9984523489462587,0.0,-0.05561390908485426,0.07084638054832337,0.0,0.4840595643766272,0.0
-0.05655739148609225,0.0,0.9983993496934425,0.0,1.0,0.0,-0.9983993496934425,0.0,-0.05655739148609225,0.07204955353752858,0.0,0.48378885045405606,0.0
-0.057507615955344135,0.0,0.9983450676530298,0.0,1.0,0.0,-0.9983450676530298,0.0,-0.057507615955344135,0.07326138943278292,0.0,0.48351618737762386,0.0
-0.05846455086355508,0.0,0.9982894852157478,0.0,1.0,0.0,-0.9982894852157478,0.0,-0.05846455086355508,0.07448185040480233,0.0,0.48324158365891945,0.0
-0.0594281645433099,0.0,0.9982325847511757,0.0,1.0,0.0,-0.9982325847511757,0.0,-0.0594281645433099,0.07571089862430276,0.0,0.48296504780953187,0.0
-0.06039842528857053,0.0,0.9981743486098312,0.0,1.0,0.0,-0.9981743486098312,0.0,-0.06039842528857053,0.07694849626200018,0.0,0.48268658834104994,0.0
-0.061375301354419994,0.0,0.9981147591252492,0.0,1.0,0.0,-0.9981147591252492,0.0,-0.061375301354419994,0.07819460548861049,0.0,0.48240621376506265,0.0
-0.062358760956813225,0.0,0.998053798616052,0.0,1.0,0.0,-0.998053798616052,0.0,-0.062358760956813225,0.07944918847484962,0.0,0.48212393259315883,0.0
-0.06334877227233462,0.0,0.9979914493880135,0.0,1.0,0.0,-0.9979914493880135,0.0,-0.06334877227233462,0.08071220739143356,0.0,0.4818397533369274,0.0
-0.06434530343796226,0.0,0.9979276937361126,0.0,1.0,0.0,-0.9979276937361126,0.0,-0.06434530343796226,0.08198362440907822,0.0,0.4815536845079574,0.0
-0.06534832255083933,0.0,0.9978625139465814,0.0,1.0,0.0,-0.9978625139465814,0.0,-0.06534832255083933,0.08326340169849956,0.0,0.4812657346178376,0.0
-0.06635779766805232,0.0,0.9977958922989439,0.0,1.0,0.0,-0.9977958922989439,0.0,-0.06635779766805232,0.08455150143041351,0.0,0.480975912178157,0.0
-0.06737369680641643,0.0,0.9977278110680473,0.0,1.0,0.0,-0.9977278110680473,0.0,-0.06737369680641643,0.08584788577553601,0.0,0.4806842257005044,0.0
-0.0683959879422682,0.0,0.9976582525260848,0.0,1.0,0.0,-0.9976582525260848,0.0,-0.0683959879422682,0.08715251690458302,0.0,0.4803906836964688,0.0
-0.06942463901126508,0.0,0.9975871989446113,0.0,1.0,0.0,-0.9975871989446113,0.0,-0.06942463901126508,0.08846535698827047,0.0,0.4800952946776391,0.0
-0.07045961790819269,0.0,0.9975146325965507,0.0,1.0,0.0,-0.9975146325965507,0.0,-0.07045961790819269,0.08978636819731432,0.0,0.47979806715560425,0.0
-0.07150089248677907,0.0,0.9974405357581945,0.0,1.0,0.0,-0.9974405357581945,0.0,-0.07150089248677907,0.09111551270243048,0.0,0.47949900964195313,0.0
-0.07254843055951675,0.0,0.9973648907111935,0.0,1.0,0.0,-0.9973648907111935,0.0,-0.07254843055951675,0.09245275267433492,0.0,0.47919813064827466,0.0
-0.07360219989749196,0.0,0.9972876797445407,0.0,1.0,0.0,-0.9972876797445407,0.0,-0.07360219989749196,0.0937980502837436,0.0,0.47889543868615764,0.0
-0.07466216823022162,0.0,0.9972088851565464,0.0,1.0,0.0,-0.9972088851565464,0.0,-0.07466216823022162,0.0951513677013724,0.0,0.4785909422671912,0.0
-0.075728303245498,0.0,0.9971284892568049,0.0,1.0,0.0,-0.9971284892568049,0.0,-0.075728303245498,0.09651266709793732,0.0,0.47828464990296415,0.0
-0.07680057258924082,0.0,0.9970464743681534,0.0,1.0,0.0,-0.9970464743681534,0.0,-0.07680057258924082,0.09788191064415426,0.0,0.4779765701050653,0.0
-0.07787894386535753,0.0,0.996962822828623,0.0,1.0,0.0,-0.996962822828623,0.0,-0.07787894386535753,0.09925906051073921,0.0,0.4776667113850837,0.0
-0.07896338463561085,0.0,0.996877516993381,0.0,1.0,0.0,-0.996877516993381,0.0,-0.07896338463561085,0.10064407886840808,0.0,0.47735508225460815,0.0
-0.08005386241949465,0.0,0.9967905392366646,0.0,1.0,0.0,-0.9967905392366646,0.0,-0.08005386241949465,0.10203692788787681,0.0,0.4770416912252277,0.0
-0.08115034469411754,0.0,0.9967018719537081,0.0,1.0,0.0,-0.9967018719537081,0.0,-0.08115034469411754,0.10343756973986137,0.0,0.47672654680853116,0.0
-0.08225279889409447,0.0,0.9966114975626599,0.0,1.0,0.0,-0.9966114975626599,0.0,-0.08225279889409447,0.10484596659507767,0.0,0.47640965751610753,0.0
-0.08336119241144631,0.0,0.9965193985064926,0.0,1.0,0.0,-0.9965193985064926,0.0,-0.08336119241144631,0.10626208062424167,0.0,0.4760910318595456,0.0
-0.08447549259550761,0.0,0.9964255572549042,0.0,1.0,0.0,-0.9964255572549042,0.0,-0.08447549259550761,0.10768587399806934,0.0,0.4757706783504344,0.0
-0.08559566675284243,0.0,0.996329956306211,0.0,1.0,0.0,-0.996329956306211,0.0,-0.08559566675284243,0.10911730888727658,0.0,0.4754486055003628,0.0
-0.08672168214716826,0.0,0.9962325781892326,0.0,1.0,0.0,-0.9962325781892326,0.0,-0.08672168214716826,0.11055634746257934,0.0,0.47512482182091964,0.0
-0.08785350599928839,0.0,0.9961334054651682,0.0,1.0,0.0,-0.9961334054651682,0.0,-0.08785350599928839,0.11200295189469357,0.0,0.47479933582369394,0.0
-0.08899110548703221,0.0,0.996032420729464,0.0,1.0,0.0,-0.996032420729464,0.0,-0.08899110548703221,0.11345708435433521,0.0,0.4744721560202746,0.0
-0.0901344477452042,0.0,0.9959296066136738,0.0,1.0,0.0,-0.9959296066136738,0.0,-0.0901344477452042,0.1149187070122202,0.0,0.4741432909222505,0.0
-0.09128349986554092,0.0,0.9958249457873094,0.0,1.0,0.0,-0.9958249457873094,0.0,-0.09128349986554092,0.1163877820390645,0.0,0.47381274904121046,0.0
-0.09243822889667662,0.0,0.9957184209596835,0.0,1.0,0.0,-0.9957184209596835,0.0,-0.09243822889667662,0.11786427160558402,0.0,0.47348053888874364,0.0
-0.09359860184411709,0.0,0.9956100148817439,0.0,1.0,0.0,-0.9956100148817439,0.0,-0.09359860184411709,0.11934813788249471,0.0,0.47314666897643864,0.0
-0.09476458567022224,0.0,0.9954997103478992,0.0,1.0,0.0,-0.9954997103478992,0.0,-0.09476458567022224,0.12083934304051257,0.0,0.4728111478158847,0.0
-0.09593614729419679,0.0,0.9953874901978356,0.0,1.0,0.0,-0.9953874901978356,0.0,-0.09593614729419679,0.12233784925035349,0.0,0.47247398391867046,0.0
-0.09711325359208978,0.0,0.995273337318326,0.0,1.0,0.0,-0.995273337318326,0.0,-0.09711325359208978,0.12384361868273337,0.0,0.47213518579638497,0.0
-0.09829587139680272,0.0,0.9951572346450299,0.0,1.0,0.0,-0.9951572346450299,0.0,-0.09829587139680272,0.12535661350836824,0.0,0.47179476196061715,0.0
-0.09948396749810595,0.0,0.9950391651642843,0.0,1.0,0.0,-0.9950391651642843,0.0,-0.09948396749810595,0.12687679589797402,0.0,0.47145272092295587,0.0
-0.10067750864266387,0.0,0.9949191119148865,0.0,1.0,0.0,-0.9949191119148865,0.0,-0.10067750864266387,0.1284041280222666,0.0,0.47110907119499,0.0
-0.1018764615340689,0.0,0.9947970579898683,0.0,1.0,0.0,-0.9947970579898683,0.0,-0.1018764615340689,0.129938572051962,0.0,0.4707638212883085,0.0
-0.10308079283288389,0.0,0.9946729865382613,0.0,1.0,0.0,-0.9946729865382613,0.0,-0.10308079283288389,0.1314800901577761,0.0,0.4704169797145004,0.0
-0.10429046915669342,0.0,0.9945468807668529,0.0,1.0,0.0,-0.9945468807668529,0.0,-0.10429046915669342,0.13302864451042484,0.0,0.47006855498515443,0.0
-0.1055054570801637,0.0,0.9944187239419346,0.0,1.0,0.0,-0.9944187239419346,0.0,-0.1055054570801637,0.13458419728062426,0.0,0.4697185556118595,0.0
-0.1067257231351111,0.0,0.9942884993910407,0.0,1.0,0.0,-0.9942884993910407,0.0,-0.1067257231351111,0.1361467106390902,0.0,0.4693669901062047,0.0
-0.10795123381057974,0.0,0.994156190504678,0.0,1.0,0.0,-0.994156190504678,0.0,-0.10795123381057974,0.1377161467565386,0.0,0.4690138669797788,0.0
-0.1091819555529278,0.0,0.9940217807380473,0.0,1.0,0.0,-0.9940217807380473,0.0,-0.1091819555529278,0.13929246780368548,0.0,0.4686591947441707,0.0
-0.11041785476592218,0.0,0.9938852536127557,0.0,1.0,0.0,-0.9938852536127557,0.0,-0.11041785476592218,0.14087563595124672,0.0,0.4683029819109695,0.0
-0.11165889781084266,0.0,0.9937465927185198,0.0,1.0,0.0,-0.9937465927185198,0.0,-0.11165889781084266,0.1424656133699383,0.0,0.46794523699176394,0.0
-0.11290505100659433,0.0,0.9936057817148601,0.0,1.0,0.0,-0.9936057817148601,0.0,-0.11290505100659433,0.1440623622304761,0.0,0.4675859684981429,0.0
-0.11415628062982917,0.0,0.9934628043327861,0.0,1.0,0.0,-0.9934628043327861,0.0,-0.11415628062982917,0.14566584470357616,0.0,0.4672251849416954,0.0
-0.11541255291507634,0.0,0.9933176443764727,0.0,1.0,0.0,-0.9933176443764727,0.0,-0.11541255291507634,0.14727602295995434,0.0,0.4668628948340103,0.0
-0.11667383405488126,0.0,0.9931702857249275,0.0,1.0,0.0,-0.9931702857249275,0.0,-0.11667383405488126,0.1488928591703266,0.0,0.46649910668667655,0.0
-0.11794009019995394,0.0,0.9930207123336485,0.0,1.0,0.0,-0.9930207123336485,0.0,-0.11794009019995394,0.15051631550540898,0.0,0.466133829011283,0.0
-0.11921128745932555,0.0,0.9928689082362737,0.0,1.0,0.0,-0.9928689082362737,0.0,-0.11921128745932555,0.15214635413591726,0.0,0.4657670703194186,0.0
-0.12048739190051451,0.0,0.99271485754622,0.0,1.0,0.0,-0.99271485754622,0.0,-0.12048739190051451,0.1537829372325675,0.0,0.4653988391226723,0.0
-0.121768369549701,0.0,0.9925585444583143,0.0,1.0,0.0,-0.9925585444583143,0.0,-0.121768369549701,0.15542602696607558,0.0,0.465029143932633,0.0
-0.12305418639191057,0.0,0.9923999532504145,0.0,1.0,0.0,-0.9923999532504145,0.0,-0.12305418639191057,0.1570755855071574,0.0,0.4646579932608896,0.0
-0.1243448083712068,0.0,0.9922390682850216,0.0,1.0,0.0,-0.9922390682850216,0.0,-0.1243448083712068,0.15873157502652907,0.0,0.464285395619031,0.0
-0.12564020139089221,0.0,0.9920758740108823,0.0,1.0,0.0,-0.9920758740108823,0.0,-0.12564020139089221,0.16039395769490636,0.0,0.46391135951864604,0.0
-0.12694033131371896,0.0,0.9919103549645821,0.0,1.0,0.0,-0.9919103549645821,0.0,-0.12694033131371896,0.16206269568300535,0.0,0.4635358934713238,0.0
-0.12824516396210756,0.0,0.9917424957721295,0.0,1.0,0.0,-0.9917424957721295,0.0,-0.12824516396210756,0.16373775116154185,0.0,0.46315900598865306,0.0
-0.1295546651183752,0.0,0.99157228115053,0.0,1.0,0.0,-0.99157228115053,0.0,-0.1295546651183752,0.16541908630123192,0.0,0.46278070558222284,0.0
-0.13086880052497246,0.0,0.9913996959093516,0.0,1.0,0.0,-0.9913996959093516,0.0,-0.13086880052497246,0.16710666327279144,0.0,0.46240100076362195,0.0
-0.1321875358847289,0.0,0.9912247249522802,0.0,1.0,0.0,-0.9912247249522802,0.0,-0.1321875358847289,0.16880044424693635,0.0,0.46201990004443927,0.0
-0.1335108368611079,0.0,0.9910473532786648,0.0,1.0,0.0,-0.9910473532786648,0.0,-0.1335108368611079,0.1705003913943826,0.0,0.46163741193626395,0.0
-0.13483866907847006,0.0,0.9908675659850548,0.0,1.0,0.0,-0.9908675659850548,0.0,-0.13483866907847006,0.17220646688584618,0.0,0.4612535449506846,0.0
-0.13617099812234523,0.0,0.990685348266726,0.0,1.0,0.0,-0.990685348266726,0.0,-0.13617099812234523,0.17391863289204296,0.0,0.4608683075992903,0.0
-0.1375077895397139,0.0,0.9905006854191983,0.0,1.0,0.0,-0.9905006854191983,0.0,-0.1375077895397139,0.1756368515836889,0.0,0.46048170839367,0.0
-0.138849008839297,0.0,0.9903135628397426,0.0,1.0,0.0,-0.9903135628397426,0.0,-0.138849008839297,0.1773610851315,0.0,0.4600937558454125,0.0
-0.14019462149185444,0.0,0.9901239660288784,0.0,1.0,0.0,-0.9901239660288784,0.0,-0.14019462149185444,0.17909129570619212,0.0,0.4597044584661068,0.0
-0.14154459293049293,0.0,0.9899318805918622,0.0,1.0,0.0,-0.9899318805918622,0.0,-0.14154459293049293,0.18082744547848129,0.0,0.4593138247673417,0.0
-0.14289888855098196,0.0,0.9897372922401652,0.0,1.0,0.0,-0.9897372922401652,0.0,-0.14289888855098196,0.1825694966190834,0.0,0.4589218632607062,0.0
-0.1442574737120788,0.0,0.9895401867929412,0.0,1.0,0.0,-0.9895401867929412,0.0,-0.1442574737120788,0.18431741129871437,0.0,0.45852858245778927,0.0
-0.14562031373586243,0.0,0.9893405501784858,0.0,1.0,0.0,-0.9893405501784858,0.0,-0.14562031373586243,0.1860711516880902,0.0,0.4581339908701797,0.0
-0.14698737390807573,0.0,0.9891383684356843,0.0,1.0,0.0,-0.9891383684356843,0.0,-0.14698737390807573,0.18783067995792677,0.0,0.45773809700946644,0.0
-0.14835861947847664,0.0,0.9889336277154501,0.0,1.0,0.0,-0.9889336277154501,0.0,-0.14835861947847664,0.18959595827894007,0.0,0.4573409093872385,0.0
-0.14973401566119796,0.0,0.9887263142821536,0.0,1.0,0.0,-0.9887263142821536,0.0,-0.14973401566119796,0.19136694882184602,0.0,0.45694243651508465,0.0
-0.15111352763511582,0.0,0.9885164145150404,0.0,1.0,0.0,-0.9885164145150404,0.0,-0.15111352763511582,0.19314361375736067,0.0,0.4565426869045939,0.0
-0.15249712054422618,0.0,0.9883039149096394,0.0,1.0,0.0,-0.9883039149096394,0.0,-0.15249712054422618,0.19492591525619973,0.0,0.4561416690673551,0.0
-0.1538847594980311,0.0,0.9880888020791618,0.0,1.0,0.0,-0.9880888020791618,0.0,-0.1538847594980311,0.19671381548907932,0.0,0.4557393915149572,0.0
-0.15527640957193245,0.0,0.987871062755889,0.0,1.0,0.0,-0.987871062755889,0.0,-0.15527640957193245,0.19850727662671538,0.0,0.455335862758989,0.0
-0.15667203580763436,0.0,0.9876506837925498,0.0,1.0,0.0,-0.9876506837925498,0.0,-0.15667203580763436,0.20030626083982375,0.0,0.4549310913110397,0.0
-0.15807160321355476,0.0,0.9874276521636897,0.0,1.0,0.0,-0.9874276521636897,0.0,-0.15807160321355476,0.20211073029912044,0.0,0.4545250856826979,0.0
-0.15947507676524464,0.0,0.9872019549670267,0.0,1.0,0.0,-0.9872019549670267,0.0,-0.15947507676524464,0.20392064717532138,0.0,0.4541178543855527,0.0
-0.16088242140581618,0.0,0.9869735794247997,0.0,1.0,0.0,-0.9869735794247997,0.0,-0.16088242140581618,0.2057359736391426,0.0,0.4537094059311929,0.0
-0.1622936020463789,0.0,0.986742512885105,0.0,1.0,0.0,-0.986742512885105,0.0,-0.1622936020463789,0.2075566718612999,0.0,0.45329974883120755,0.0
-0.16370858356648466,0.0,0.9865087428232227,0.0,1.0,0.0,-0.9865087428232227,0.0,-0.16370858356648466,0.20938270401250925,0.0,0.45288889159718543,0.0
-0.1651273308145805,0.0,0.9862722568429328,0.0,1.0,0.0,-0.9862722568429328,0.0,-0.1651273308145805,0.21121403226348676,0.0,0.4524768427407155,0.0
-0.1665498086084697,0.0,0.9860330426778213,0.0,1.0,0.0,-0.9860330426778213,0.0,-0.1665498086084697,0.21305061878494802,0.0,0.4520636107733867,0.0
-0.1679759817357822,0.0,0.9857910881925744,0.0,1.0,0.0,-0.9857910881925744,0.0,-0.1679759817357822,0.21489242574760942,0.0,0.45164920420678784,0.0
-0.16940581495445106,0.0,0.9855463813842645,0.0,1.0,0.0,-0.9855463813842645,0.0,-0.16940581495445106,0.21673941532218668,0.0,0.451233631552508,0.0
-0.1708392729931989,0.0,0.9852989103836233,0.0,1.0,0.0,-0.9852989103836233,0.0,-0.1708392729931989,0.21859154967939556,0.0,0.45081690132213603,0.0
-0.17227632055203243,0.0,0.9850486634563053,0.0,1.0,0.0,-0.9850486634563053,0.0,-0.17227632055203243,0.2204487909899523,0.0,0.45039902202726073,0.0
-0.17371692230274347,0.0,0.9847956290041414,0.0,1.0,0.0,-0.9847956290041414,0.0,-0.17371692230274347,0.22231110142457267,0.0,0.44998000217947115,0.0
-0.17516104288941972,0.0,0.9845397955663808,0.0,1.0,0.0,-0.9845397955663808,0.0,-0.17516104288941972,0.22417844315397276,0.0,0.44955985029035617,0.0
-0.17660864692896214,0.0,0.9842811518209221,0.0,1.0,0.0,-0.9842811518209221,0.0,-0.17660864692896214,0.22605077834886825,0.0,0.44913857487150466,0.0
-0.17805969901161173,0.0,0.9840196865855348,0.0,1.0,0.0,-0.9840196865855348,0.0,-0.17805969901161173,0.22792806917997543,0.0,0.44871618443450556,0.0
-0.17951416370148227,0.0,0.9837553888190689,0.0,1.0,0.0,-0.9837553888190689,0.0,-0.17951416370148227,0.2298102778180099,0.0,0.44829268749094775,0.0
-0.18097200553710308,0.0,0.983488247622654,0.0,1.0,0.0,-0.983488247622654,0.0,-0.18097200553710308,0.23169736643368793,0.0,0.4478680925524202,0.0
-0.18243318903196715,0.0,0.983218252240888,0.0,1.0,0.0,-0.983218252240888,0.0,-0.18243318903196715,0.23358929719772514,0.0,0.44744240813051184,0.0
-0.1838976786750895,0.0,0.9829453920630146,0.0,1.0,0.0,-0.9829453920630146,0.0,-0.1838976786750895,0.23548603228083775,0.0,0.4470156427368115,0.0
-0.18536543893157095,0.0,0.9826696566240896,0.0,1.0,0.0,-0.9826696566240896,0.0,-0.18536543893157095,0.2373875338537415,0.0,0.44658780488290817,0.0
-0.18683643424317117,0.0,0.9823910356061364,0.0,1.0,0.0,-0.9823910356061364,0.0,-0.18683643424317117,0.23929376408715258,0.0,0.44615890308039063,0.0
-0.18831062902888793,0.0,0.9821095188392914,0.0,1.0,0.0,-0.9821095188392914,0.0,-0.18831062902888793,0.24120468515178656,0.0,0.445728945840848,0.0
-0.18978798768554547,0.0,0.9818250963029369,0.0,1.0,0.0,-0.9818250963029369,0.0,-0.18978798768554547,0.24312025921835978,0.0,0.44529794167586906,0.0
-0.19126847458838828,0.0,0.9815377581268236,0.0,1.0,0.0,-0.9815377581268236,0.0,-0.19126847458838828,0.24504044845758785,0.0,0.4448658990970427,0.0
-0.1927520540916844,0.0,0.9812474945921831,0.0,1.0,0.0,-0.9812474945921831,0.0,-0.1927520540916844,0.246965215040187,0.0,0.44443282661595795,0.0
-0.19423869052933387,0.0,0.9809542961328268,0.0,1.0,0.0,-0.9809542961328268,0.0,-0.19423869052933387,0.24889452113687288,0.0,0.4439987327442036,0.0
-0.1957283482154868,0.0,0.9806581533362363,0.0,1.0,0.0,-0.9806581533362363,0.0,-0.1957283482154868,0.2508283289183617,0.0,0.4435636259933686,0.0
-0.19722099144516622,0.0,0.9803590569446409,0.0,1.0,0.0,-0.9803590569446409,0.0,-0.19722099144516622,0.2527666005553692,0.0,0.44312751487504193,0.0
-0.19871658449490018,0.0,0.9800569978560845,0.0,1.0,0.0,-0.9800569978560845,0.0,-0.19871658449490018,0.2547092982186115,0.0,0.44269040790081243,0.0
-0.20021509162335926,0.0,0.9797519671254812,0.0,1.0,0.0,-0.9797519671254812,0.0,-0.20021509162335926,0.25665638407880437,0.0,0.442252313582269,0.0
-0.20171647707200238,0.0,0.9794439559656593,0.0,1.0,0.0,-0.9794439559656593,0.0,-0.20171647707200238,0.2586078203066639,0.0,0.4418132404310006,0.0
-0.20322070506572848,0.0,0.9791329557483949,0.0,1.0,0.0,-0.9791329557483949,0.0,-0.20322070506572848,0.26056356907290584,0.0,0.4413731969585962,0.0
-0.20472773981353623,0.0,0.9788189580054327,0.0,1.0,0.0,-0.9788189580054327,0.0,-0.20472773981353623,0.2625235925482464,0.0,0.44093219167664455,0.0
-0.20623754550918902,0.0,0.9785019544294968,0.0,1.0,0.0,-0.9785019544294968,0.0,-0.20623754550918902,0.26448785290340127,0.0,0.44049023309673474,0.0
-0.20775008633188852,0.0,0.9781819368752895,0.0,1.0,0.0,-0.9781819368752895,0.0,-0.20775008633188852,0.2664563123090867,0.0,0.4400473297304555,0.0
-0.209265326446953,0.0,0.9778588973604782,0.0,1.0,0.0,-0.9778588973604782,0.0,-0.209265326446953,0.26842893293601827,0.0,0.43960349008939587,0.0
-0.21078323000650412,0.0,0.9775328280666717,0.0,1.0,0.0,-0.9775328280666717,0.0,-0.21078323000650412,0.2704056769549122,0.0,0.4391587226851448,0.0
-0.2123037611501586,0.0,0.9772037213403848,0.0,1.0,0.0,-0.9772037213403848,0.0,-0.2123037611501586,0.2723865065364842,0.0,0.43871303602929107,0.0
-0.21382688400572752,0.0,0.9768715696939906,0.0,1.0,0.0,-0.9768715696939906,0.0,-0.21382688400572752,0.27437138385145043,0.0,0.4382664386334236,0.0
-0.21535256268992128,0.0,0.9765363658066624,0.0,1.0,0.0,-0.9765363658066624,0.0,-0.21535256268992128,0.27636027107052663,0.0,0.4378189390091315,0.0
-0.2168807613090616,0.0,0.9761981025253029,0.0,1.0,0.0,-0.9761981025253029,0.0,-0.2168807613090616,0.27835313036442894,0.0,0.43737054566800354,0.0
-0.21841144395979858,0.0,0.9758567728654629,0.0,1.0,0.0,-0.9758567728654629,0.0,-0.21841144395979858,0.2803499239038732,0.0,0.4369212671216286,0.0
-0.21994457472983522,0.0,0.9755123700122474,0.0,1.0,0.0,-0.9755123700122474,0.0,-0.21994457472983522,0.28235061385957533,0.0,0.4364711118815956,0.0
-0.22148011769865739,0.0,0.9751648873212103,0.0,1.0,0.0,-0.9751648873212103,0.0,-0.22148011769865739,0.2843551624022514,0.0,0.43602008845949347,0.0
-0.22301803693826935,0.0,0.974814318319238,0.0,1.0,0.0,-0.974814318319238,0.0,-0.22301803693826935,0.28636353170261714,0.0,0.4355682053669111,0.0
-0.22455829651393655,0.0,0.9744606567054203,0.0,1.0,0.0,-0.9744606567054203,0.0,-0.22455829651393655,0.28837568393138874,0.0,0.4351154711154376,0.0
-0.22610086048493241,0.0,0.9741038963519103,0.0,1.0,0.0,-0.9741038963519103,0.0,-0.22610086048493241,0.2903915812592819,0.0,0.43466189421666157,0.0
-0.22764569290529288,0.0,0.9737440313047722,0.0,1.0,0.0,-0.9737440313047722,0.0,-0.22764569290529288,0.29241118585701276,0.0,0.4342074831821721,0.0
-0.22919275782457482,0.0,0.9733810557848174,0.0,1.0,0.0,-0.9733810557848174,0.0,-0.22919275782457482,0.29443445989529715,0.0,0.43375224652355815,0.0
-0.2307420192886214,0.0,0.9730149641884288,0.0,1.0,0.0,-0.9730149641884288,0.0,-0.2307420192886214,0.29646136554485103,0.0,0.4332961927524085,0.0
-0.2322934413403323,0.0,0.9726457510883731,0.0,1.0,0.0,-0.9726457510883731,0.0,-0.2322934413403323,0.29849186497639035,0.0,0.4328393303803122,0.0
-0.23384698802043943,0.0,0.9722734112346014,0.0,1.0,0.0,-0.9722734112346014,0.0,-0.23384698802043943,0.3005259203606311,0.0,0.432381667918858,0.0
-0.23540262336828824,0.0,0.9718979395550378,0.0,1.0,0.0,-0.9718979395550378,0.0,-0.23540262336828824,0.3025634938682892,0.0,0.43192321387963495,0.0
-0.23696031142262383,0.0,0.9715193311563559,0.0,1.0,0.0,-0.9715193311563559,0.0,-0.23696031142262383,0.30460454767008055,0.0,0.4314639767742319,0.0
-0.238520016222383,0.0,0.9711375813247441,0.0,1.0,0.0,-0.9711375813247441,0.0,-0.238520016222383,0.3066490439367211,0.0,0.4310039651142378,0.0
-0.24008170180749058,0.0,0.9707526855266583,0.0,1.0,0.0,-0.9707526855266583,0.0,-0.24008170180749058,0.30869694483892685,0.0,0.4305431874112415,0.0
-0.24164533221966134,0.0,0.9703646394095621,0.0,1.0,0.0,-0.9703646394095621,0.0,-0.24164533221966134,0.3107482125474137,0.0,0.4300816521768319,0.0
-0.2432108715032064,0.0,0.9699734388026565,0.0,1.0,0.0,-0.9699734388026565,0.0,-0.2432108715032064,0.3128028092328975,0.0,0.4296193679225981,0.0
-0.2447782837058451,0.0,0.9695790797175963,0.0,1.0,0.0,-0.9695790797175963,0.0,-0.2447782837058451,0.3148606970660943,0.0,0.4291563431601288,0.0
-0.24634753287952074,0.0,0.9691815583491947,0.0,1.0,0.0,-0.9691815583491947,0.0,-0.24634753287952074,0.31692183821772013,0.0,0.428692586401013,0.0
-0.24791858308122183,0.0,0.9687808710761167,0.0,1.0,0.0,-0.9687808710761167,0.0,-0.24791858308122183,0.31898619485849095,0.0,0.4282281061568396,0.0
-0.249491398373807,0.0,0.9683770144615589,0.0,1.0,0.0,-0.9683770144615589,0.0,-0.249491398373807,0.3210537291591224,0.0,0.42776291093919744,0.0
-0.2510659428268354,0.0,0.967969985253919,0.0,1.0,0.0,-0.967969985253919,0.0,-0.2510659428268354,0.32312440329033065,0.0,0.4272970092596756,0.0
-0.25264218051740084,0.0,0.9675597803874513,0.0,1.0,0.0,-0.9675597803874513,0.0,-0.25264218051740084,0.3251981794228315,0.0,0.4268304096298629,0.0
-0.25422007553097037,0.0,0.9671463969829116,0.0,1.0,0.0,-0.9671463969829116,0.0,-0.25422007553097037,0.3272750197273412,0.0,0.42636312056134823,0.0
-0.2557995919622267,0.0,0.9667298323481894,0.0,1.0,0.0,-0.9667298323481894,0.0,-0.2557995919622267,0.3293548863745754,0.0,0.4258951505657205,0.0
-0.25738069391591534,0.0,0.9663100839789275,0.0,1.0,0.0,-0.9663100839789275,0.0,-0.25738069391591534,0.3314377415352501,0.0,0.4254265081545687,0.0
-0.25896334550769545,0.0,0.9658871495591305,0.0,1.0,0.0,-0.9658871495591305,0.0,-0.25896334550769545,0.33352354738008116,0.0,0.4249572018394817,0.0
-0.2605475108649949,0.0,0.9654610269617595,0.0,1.0,0.0,-0.9654610269617595,0.0,-0.2605475108649949,0.3356122660797849,0.0,0.4244872401320484,0.0
-0.2621331541278679,0.0,0.965031714249317,0.0,1.0,0.0,-0.965031714249317,0.0,-0.2621331541278679,0.3377038598050768,0.0,0.4240166315438577,0.0
-0.2637202394498586,0.0,0.9645992096744167,0.0,1.0,0.0,-0.9645992096744167,0.0,-0.2637202394498586,0.3397982907266731,0.0,0.42354538458649854,0.0
-0.26530873099886576,0.0,0.9641635116803433,0.0,1.0,0.0,-0.9641635116803433,0.0,-0.26530873099886576,0.3418955210152895,0.0,0.42307350777155983,0.0
